3.4982 1.9696 2.6093 2.1891 1.5861 2.6499 2.4859 1.7455 2.2834
1.9696 2.6647 1.9337 1.7688 1.1592 2.1335 1.7449 1.2609 1.9316
2.6093 1.9337 4.0181 2.2412 1.77 2.69 2.9823 2.0044 2.5116
2.1891 1.7688 2.2412 2.4854 1.3767 2.0187 2.0515 1.367 2.0974
1.5861 1.1592 1.77 1.3767 2.0061 1.6054 1.8444 1.1443 1.449
2.6499 2.1335 2.69 2.0187 1.6054 3.5743 2.5421 1.5741 2.5304
2.4859 1.7449 2.9823 2.0515 1.8444 2.5421 3.9274 2.0129 2.2652
1.7455 1.2609 2.0044 1.367 1.1443 1.5741 2.0129 2.3094 1.5827
2.2834 1.9316 2.5116 2.0974 1.449 2.5304 2.2652 1.5827 3.1911
